1852538938
1852539534
1852539696
1852558155
1852559476
1852560137
1852560951
1852561229
1852561428
1852561611
1852561658
1852561853
1852561915
1852562189
1852562271
1852562498
1852562508
1852562617
1852562666
1852562689
1852562730
1852562820
1852562875
1852562954
1852562988
1852563010
1852563019
1852563044
1852563100
1852563186
1852563254
1852563306
1852563336
1852563385
1852563520
1852563523
1852563530
1852563538
1852563581
1852563730
1852563755
1852563776
1852563863
1852564308
1852564349
1852564354
1852564380
1852564402
1852564409
1852564531
1852564538
1852564578
1852564588
1852564660
1852564665
1852564717
1852564724
1852564739
1852564791
1852564800
1852565003
1852565024
1852565122
1852565141
1852565144
1852565162
1852565214
1852565243
1852565276
1852565284
1852565320
1852565324
1852565371
1852565390
1852565406
1852565438
1852565575
1852565601
1852565609
1852565681
1852565812
1852565818
1852566005
1852566025
1852566119
1852566292
1852566434
1852566174
1852566445
1852566611
1852566629
1852566931
1852567003
1852567067
1852567174
1852567200
1852567397
1852567461
1852567463
1852567671
